0 0
0 1
0 2
0 3
0 4
0 5
0 6
0 7
0 8
0 9
0 a
0 b
0 c
0 d
0 e
0 f
0 0
0 1
0 2
0 3
0 4
0 5
0 6
0 7
0 8
1 9
1 a
1 b
1 c
1 d
1 e
1 f
1 0
1 1
1 2
1 3
1 4
1 5
1 6
1 7
1 8
1 9
1 a
1 b
1 c
1 d
1 e
1 f
1 0
1 1
0 2
0 3
0 4
0 5
0 6
0 7
0 8
0 9
0 a
0 b
0 c
0 d
0 e
0 f
0 0
0 1
0 2
0 3
0 4
0 5
0 6
0 7
0 8
0 9
0 a
1 b
1 c
1 d
1 e
1 f
1 0
1 1
1 2
1 3
1 4
1 5
1 6
1 7
1 8
1 9
1 a
1 b
1 c
1 d
1 e
1 f
1 0
1 1
1 2
1 3
0 4
0 5
0 6
0 7
0 8
0 9
0 a
0 b
0 c
0 d
0 e
0 f
0 0
0 1
0 2
0 3
0 4
0 5
0 6
0 7
0 8
0 9
0 a
0 b
0 c
1 d
1 e
1 f
1 0
1 1
1 2
1 3
1 4
1 5
1 6
1 7
1 8
1 9
1 a
1 b
1 c
1 d
1 e
1 f
1 0
1 1
1 2
1 3
1 4
1 5
0 6
0 7
0 8
0 9
0 a
0 b
0 c
0 d
0 e
0 f
0 0
0 1
0 2
0 3
0 4
0 5
0 6
0 7
0 8
0 9
0 a
0 b
0 c
0 d
0 e
1 f
1 0
1 1
1 2
1 3
1 4
1 5
1 6
1 7
1 8
1 9
1 a
1 b
1 c
1 d
1 e
1 f
1 0
1 1
1 2
1 3
1 4
1 5
1 6
1 7
0 8
0 9
0 a
0 b
0 c
0 d
0 e
0 f
0 0
0 1
0 2
0 3
0 4
0 5
0 6
0 7
0 8
0 9
0 a
0 b
0 c
0 d
0 e
0 f
0 0
1 1
1 2
1 3
1 4
1 5
1 6
1 7
1 8
1 9
1 a
1 b
1 c
1 d
1 e
1 f
1 0
1 1
1 2
1 3
1 4
1 5
1 6
1 7
1 8
1 9
0 a
0 b
0 c
0 d
0 e
0 f
0 0
0 1
0 2
0 3
0 4
0 5
0 6
0 7
0 8
0 9
0 a
0 b
0 c
0 d
0 e
0 f
0 0
0 1
0 2
1 3
1 4
1 5
1 6
1 7
1 8
1 9
1 a
1 b
1 c
1 d
1 e
1 f
1 0
1 1
1 2
1 3
1 4
1 5
1 6
1 7
1 8
1 9
1 a
1 b
0 c
0 d
0 e
0 f
0 0
0 1
0 2
0 3
0 4
0 5
0 6
0 7
0 8
0 9
0 a
0 b
0 c
0 d
0 e
0 f
0 0
0 1
0 2
0 3
0 4
1 5
1 6
1 7
1 8
1 9
1 a
1 b
1 c
1 d
1 e
1 f
1 0
1 1
1 2
1 3
1 4
1 5
1 6
1 7
1 8
1 9
1 a
1 b
1 c
1 d
0 e
0 f
0 0
0 1
0 2
0 3
0 4
0 5
0 6
0 7
0 8
0 9
0 a
0 b
0 c
0 d
0 e
0 f
0 0
0 1
0 2
0 3
0 4
0 5
0 6
1 7
1 8
1 9
1 a
1 b
1 c
1 d
1 e
1 f
1 0
1 1
1 2
1 3
1 4
1 5
1 6
1 7
1 8
1 9
1 a
1 b
1 c
1 d
1 e
1 f
0 0
0 1
0 2
0 3
0 4
0 5
0 6
0 7
0 8
0 9
0 a
0 b
0 c
0 d
0 e
0 f
0 0
0 1
0 2
0 3
0 4
0 5
0 6
0 7
0 8
1 9
1 a
1 b
1 c
1 d
1 e
1 f
1 0
1 1
1 2
1 3
1 4
1 5
1 6
1 7
1 8
1 9
1 a
1 b
1 c
1 d
1 e
1 f
1 0
1 1
0 2
0 3
0 4
0 5
0 6
0 7
0 8
0 9
0 a
0 b
0 c
0 d
0 e
0 f
0 0
0 1
0 2
0 3
0 4
0 5
0 6
0 7
0 8
0 9
0 a
1 b
1 c
1 d
1 e
1 f
1 0
1 1
1 2
1 3
1 4
1 5
1 6
1 7
1 8
1 9
1 a
1 b
1 c
1 d
1 e
1 f
1 0
1 1
1 2
1 3
