0 0
0 1
0 2
0 3
0 4
0 5
0 6
0 7
0 8
0 9
0 a
0 b
0 c
0 d
0 e
0 f
0 10
0 11
0 12
0 13
0 14
0 15
0 16
0 17
0 18
1 19
1 1a
1 1b
1 1c
1 1d
1 1e
1 1f
1 20
1 21
1 22
1 23
1 24
1 25
1 26
1 27
1 28
1 29
1 2a
1 2b
1 2c
1 2d
1 2e
1 2f
1 30
1 31
0 32
0 33
0 34
0 35
0 36
0 37
0 38
0 39
0 3a
0 3b
0 3c
0 3d
0 3e
0 3f
0 40
0 41
0 42
0 43
0 44
0 45
0 46
0 47
0 48
0 49
0 4a
1 4b
1 4c
1 4d
1 4e
1 4f
1 50
1 51
1 52
1 53
1 54
1 55
1 56
1 57
1 58
1 59
1 5a
1 5b
1 5c
1 5d
1 5e
1 5f
1 60
1 61
1 62
1 63
0 64
0 65
0 66
0 67
0 68
0 69
0 6a
0 6b
0 6c
0 6d
0 6e
0 6f
0 70
0 71
0 72
0 73
0 74
0 75
0 76
0 77
0 78
0 79
0 7a
0 7b
0 7c
1 7d
1 7e
1 7f
1 80
1 81
1 82
1 83
1 84
1 85
1 86
1 87
1 88
1 89
1 8a
1 8b
1 8c
1 8d
1 8e
1 8f
1 90
1 91
1 92
1 93
1 94
1 95
0 96
0 97
0 98
0 99
0 9a
0 9b
0 9c
0 9d
0 9e
0 9f
0 a0
0 a1
0 a2
0 a3
0 a4
0 a5
0 a6
0 a7
0 a8
0 a9
0 aa
0 ab
0 ac
0 ad
0 ae
1 af
1 b0
1 b1
1 b2
1 b3
1 b4
1 b5
1 b6
1 b7
1 b8
1 b9
1 ba
1 bb
1 bc
1 bd
1 be
1 bf
1 c0
1 c1
1 c2
1 c3
1 c4
1 c5
1 c6
1 c7
0 c8
0 c9
0 ca
0 cb
0 cc
0 cd
0 ce
0 cf
0 d0
0 d1
0 d2
0 d3
0 d4
0 d5
0 d6
0 d7
0 d8
0 d9
0 da
0 db
0 dc
0 dd
0 de
0 df
0 e0
1 e1
1 e2
1 e3
1 e4
1 e5
1 e6
1 e7
1 e8
1 e9
1 ea
1 eb
1 ec
1 ed
1 ee
1 ef
1 f0
1 f1
1 f2
1 f3
1 f4
1 f5
1 f6
1 f7
1 f8
1 f9
0 fa
0 fb
0 fc
0 fd
0 fe
0 ff
0 100
0 101
0 102
0 103
0 104
0 105
0 106
0 107
0 108
0 109
0 10a
0 10b
0 10c
0 10d
0 10e
0 10f
0 110
0 111
0 112
1 113
1 114
1 115
1 116
1 117
1 118
1 119
1 11a
1 11b
1 11c
1 11d
1 11e
1 11f
1 120
1 121
1 122
1 123
1 124
1 125
1 126
1 127
1 128
1 129
1 12a
1 12b
0 12c
0 12d
0 12e
0 12f
0 130
0 131
0 132
0 133
0 134
0 135
0 136
0 137
0 138
0 139
0 13a
0 13b
0 13c
0 13d
0 13e
0 13f
0 140
0 141
0 142
0 143
0 144
1 145
1 146
1 147
1 148
1 149
1 14a
1 14b
1 14c
1 14d
1 14e
1 14f
1 150
1 151
1 152
1 153
1 154
1 155
1 156
1 157
1 158
1 159
1 15a
1 15b
1 15c
1 15d
0 15e
0 15f
0 160
0 161
0 162
0 163
0 164
0 165
0 166
0 167
0 168
0 169
0 16a
0 16b
0 16c
0 16d
0 16e
0 16f
0 170
0 171
0 172
0 173
0 174
0 175
0 176
1 177
1 178
1 179
1 17a
1 17b
1 17c
1 17d
1 17e
1 17f
1 180
1 181
1 182
1 183
1 184
1 185
1 186
1 187
1 188
1 189
1 18a
1 18b
1 18c
1 18d
1 18e
1 18f
0 190
0 191
0 192
0 193
0 194
0 195
0 196
0 197
0 198
0 199
0 19a
0 19b
0 19c
0 19d
0 19e
0 19f
0 1a0
0 1a1
0 1a2
0 1a3
0 1a4
0 1a5
0 1a6
0 1a7
0 1a8
1 1a9
1 1aa
1 1ab
1 1ac
1 1ad
1 1ae
1 1af
1 1b0
1 1b1
1 1b2
1 1b3
1 1b4
1 1b5
1 1b6
1 1b7
1 1b8
1 1b9
1 1ba
1 1bb
1 1bc
1 1bd
1 1be
1 1bf
1 1c0
1 1c1
0 1c2
0 1c3
0 1c4
0 1c5
0 1c6
0 1c7
0 1c8
0 1c9
0 1ca
0 1cb
0 1cc
0 1cd
0 1ce
0 1cf
0 1d0
0 1d1
0 1d2
0 1d3
0 1d4
0 1d5
0 1d6
0 1d7
0 1d8
0 1d9
0 1da
1 1db
1 1dc
1 1dd
1 1de
1 1df
1 1e0
1 1e1
1 1e2
1 1e3
1 1e4
1 1e5
1 1e6
1 1e7
1 1e8
1 1e9
1 1ea
1 1eb
1 1ec
1 1ed
1 1ee
1 1ef
1 1f0
1 1f1
1 1f2
1 1f3
