0 167
0 1c6
0 69
0 73
0 51
0 ff
0 4a
0 ec
0 129
0 cd
0 ba
0 1ab
0 1f2
0 fb
0 1e3
0 146
0 7c
0 c2
0 54
0 1f8
0 11b
0 1e8
0 1e7
0 18d
0 176
1 15a
1 12e
1 63
1 33
1 19f
1 c9
1 19a
1 166
1 132
1 d
1 1b7
1 31
1 58
1 a3
1 15a
1 125
1 15d
1 105
1 117
1 58
1 e9
1 5e
1 d4
1 1ab
1 b2
0 cd
0 c6
0 9b
0 b4
0 54
0 11
0 e
0 182
0 74
0 41
0 121
0 13d
0 1dc
0 87
0 70
0 1e9
0 3e
0 a1
0 41
0 e1
0 1fc
0 167
0 3e
0 101
0 7e
1 97
1 1ea
1 dc
1 16b
1 196
1 18f
1 38
1 5c
1 2a
1 ec
1 b0
1 3b
1 fb
1 32
1 af
1 13c
1 154
1 1ec
1 118
1 1db
1 5c
1 102
1 1a
1 fe
1 143
0 fb
0 fa
0 aa
0 13a
0 1fb
0 129
0 1d1
0 1e6
0 5
0 13c
0 17c
0 194
0 175
0 1d8
0 1be
0 61
0 89
0 1f9
0 15c
0 bb
0 a8
0 99
0 f
0 95
0 1b1
1 1eb
1 f1
1 b3
1 5
1 1ef
1 1f7
1 100
1 e9
1 a1
1 3a
1 e5
1 1ca
1 b
1 cb
1 1d0
1 148
1 47
1 164
1 bd
1 1f
1 123
1 11e
1 a8
1 11c
1 7b
0 164
0 1c5
0 114
0 173
0 5a
0 c5
0 15e
0 14b
0 179
0 163
0 13b
0 170
0 64
0 24
0 11
0 9e
0 109
0 1dc
0 aa
0 1d4
0 1ac
0 1f2
0 1b
0 110
0 af
1 3b
1 33
1 1cd
1 e3
1 150
1 48
1 47
1 115
1 15c
1 1bb
1 16f
1 22
1 119
1 ba
1 19b
1 7d
1 1f5
1 10b
1 e1
1 1a
1 11c
1 17f
1 123
1 f8
1 29
0 f8
0 a4
0 1b
0 113
0 1b5
0 ca
0 14e
0 1e8
0 98
0 32
0 138
0 e0
0 79
0 4d
0 3d
0 34
0 1bc
0 5f
0 14e
0 77
0 1fa
0 1cb
0 6c
0 105
0 ac
1 86
1 21
1 2b
1 1aa
1 11a
1 55
1 a2
1 1be
1 70
1 1b5
1 173
1 13b
1 104
1 15c
1 1d3
1 136
1 94
1 b3
1 1af
1 e2
1 f0
1 1e4
1 9e
1 14f
1 132
0 115
0 149
0 fd
0 182
0 4e
0 1a9
0 8
0 70
0 1d4
0 1b2
0 18a
0 29
0 54
0 148
0 9a
0 a
0 bc
0 1d5
0 10e
0 18
0 1a8
0 44
0 ac
0 5b
0 1f3
1 18e
1 14c
1 1d7
1 2d
1 9b
1 109
1 142
1 1e5
1 6
1 c4
1 33
1 1af
1 cd
1 a3
1 184
1 7f
1 2d
1 1ad
1 d4
1 176
1 47
1 de
1 32
1 1c
1 1ec
0 4a
0 1c4
0 30
0 f6
0 20
0 23
0 85
0 16c
0 1fb
0 b2
0 7
0 104
0 1f4
0 1ec
0 10b
0 b9
0 20
0 ba
0 186
0 c3
0 3e
0 5
0 f1
0 1ec
0 d9
1 67
1 33
1 1b7
1 99
1 50
1 1a3
1 e3
1 14
1 1d3
1 1d9
1 34
1 1f7
1 5e
1 1a0
1 1f2
1 110
1 1a8
1 f6
1 105
1 194
1 1
1 1be
1 1b4
1 bc
1 144
0 78
0 fa
0 149
0 169
0 e6
0 23
0 1d0
0 11a
0 1da
0 69
0 16a
0 17e
0 14c
0 17e
0 151
0 125
0 1b3
0 148
0 184
0 153
0 13a
0 94
0 fb
0 31
0 199
1 90
1 32
1 157
1 44
1 ee
1 9b
1 bc
1 1e9
1 1e5
1 25
1 cf
1 8
1 1f5
1 1e9
1 1e2
1 5e
1 153
1 160
1 1aa
1 d2
1 b2
1 d0
1 85
1 1fa
1 54
0 1d8
0 135
0 e8
0 d4
0 166
0 82
0 164
0 198
0 1d9
0 1a8
0 87
0 75
0 65
0 70
0 5a
0 8a
0 13f
0 62
0 80
0 129
0 44
0 de
0 7c
0 1a5
0 89
1 14e
1 57
1 159
1 1d3
1 51
1 1ad
1 1ac
1 186
1 95
1 80
1 ec
1 117
1 1e4
1 85
1 f1
1 18c
1 10c
1 166
1 1f1
1 17c
1 1c0
1 7c
1 bb
1 22
1 fc
0 1e4
0 66
0 1da
0 61
0 b
0 63
0 1af
0 62
0 1bc
0 183
0 b4
0 169
0 12f
0 3a
0 1ff
0 1af
0 127
0 116
0 193
0 1ac
0 7
0 11f
0 b8
0 16d
0 111
1 34
1 12d
1 18d
1 ef
1 14f
1 89
1 d4
1 1b6
1 63
1 135
1 1c1
1 c7
1 e4
1 24
1 83
1 67
1 d8
1 1ed
1 196
1 112
1 1ec
1 145
1 39
1 102
1 d8
